4147400219148853|05|2024|466
4147400219147582|05|2024|226
4147400219143532|05|2024|856
4147400219142237|05|2024|511
4147400219140066|05|2024|654
4147400219145651|05|2024|473
4147400219143821|05|2024|822
4147400219140884|05|2024|214
4147400219146386|05|2024|401
4147400219145214|05|2024|600
4147400219141072|05|2024|353
4147400219143466|05|2024|941
4147400219148085|05|2024|810
4147400219142567|05|2024|813
4147400219143177|05|2024|358
4147400219146444|05|2024|515
4147400219145404|05|2024|610
4147400219145123|05|2024|170
4147400219147756|05|2024|302
4147400219146873|05|2024|476
4147400219142625|05|2024|269
4147400219145784|05|2024|251
4147400219146477|05|2024|905
4147400219142450|05|2024|839
4147400219148168|05|2024|852
4147400219140462|05|2024|930
4147400219146253|05|2024|616
4147400219142161|05|2024|269
4147400219147574|05|2024|134
4147400219144506|05|2024|458
4147400219148507|05|2024|519
4147400219144704|05|2024|450
4147400219147566|05|2024|602
4147400219144365|05|2024|371
4147400219143060|05|2024|629
4147400219140223|05|2024|271
4147400219144233|05|2024|398
4147400219147772|05|2024|194
4147400219146014|05|2024|932
4147400219140546|05|2024|854
